704 1203

Tarlac
35
267.8200 822.1534
270.8200 809.5034
273.9300 806.2234
278.0800 805.0934
275.7500 800.9234
278.8600 791.0734
277.2400 788.4334
277.0000 785.1534
280.1000 782.8034
279.3700 779.8834
279.3700 779.8834
277.3400 779.5734
277.1400 780.8234
274.0700 779.1234
271.0900 780.1734
269.7100 779.2534
264.9800 779.2834
251.5600 772.2134
250.2600 772.4234
250.2600 772.4234
247.8400 777.2534
244.0600 781.5034
235.1900 786.8334
236.8400 797.8234
239.4700 802.9534
242.4700 804.7034
241.7700 806.1434
241.7700 806.1434
246.8500 808.5034
246.3300 809.8634
248.8800 812.0634
249.3700 814.4934
251.8400 817.1634
258.2600 814.4834
263.1100 817.5534
